#BBN prediction of the primordial Helium abundance $Y_p$ as 
#function of the baryon density $\omega_b h^2$ and number of 
#extra radiation degrees of freedom $\Delta N$.
#Calculated from Parthenelope fitting function Dec 2014. Errors are guesstimates. 
#neutron lifetime of 880.3 s and CMB temperature 2.7255 K
#Yp^BBN is the BBN-standard nucleon number fraction, Yp is the mass fraction for CMB codes

#Data taken from https://github.com/cmbant/CosmoMC/blob/master/data/BBN_full_Parthenelope_880.3.dat

# format: first line must contain (num_ombh2,num_DeltaN), 
# other lines must contain (ombh2,DeltaN,YHe)
# blank lines and lines starting with # neglected

48  13

0.005  -3.0  0.18482
0.006  -3.0  0.18561
0.007  -3.0  0.18638
0.008  -3.0  0.18713
0.009  -3.0  0.18786
0.01  -3.0  0.18857
0.011  -3.0  0.18926
0.012  -3.0  0.18993
0.013  -3.0  0.19057
0.014  -3.0  0.19119
0.015  -3.0  0.1918
0.016  -3.0  0.19238
0.017  -3.0  0.19294
0.018  -3.0  0.19348
0.019  -3.0  0.194
0.02  -3.0  0.1945
0.02025  -3.0  0.19462
0.0205  -3.0  0.19474
0.02075  -3.0  0.19486
0.021  -3.0  0.19497
0.02125  -3.0  0.19509
0.0215  -3.0  0.1952
0.02175  -3.0  0.19532
0.022  -3.0  0.19543
0.02225  -3.0  0.19554
0.0225  -3.0  0.19565
0.02275  -3.0  0.19576
0.023  -3.0  0.19586
0.02325  -3.0  0.19597
0.0235  -3.0  0.19607
0.02375  -3.0  0.19618
0.024  -3.0  0.19628
0.025  -3.0  0.19667
0.026  -3.0  0.19704
0.027  -3.0  0.19739
0.028  -3.0  0.19772
0.029  -3.0  0.19803
0.03  -3.0  0.19832
0.031  -3.0  0.19858
0.032  -3.0  0.19883
0.033  -3.0  0.19905
0.034  -3.0  0.19925
0.035  -3.0  0.19944
0.036  -3.0  0.1996
0.037  -3.0  0.19974
0.038  -3.0  0.19986
0.039  -3.0  0.19995
0.04  -3.0  0.20003
0.005  -2.0  0.20327
0.006  -2.0  0.20407
0.007  -2.0  0.20486
0.008  -2.0  0.20562
0.009  -2.0  0.20636
0.01  -2.0  0.20708
0.011  -2.0  0.20777
0.012  -2.0  0.20845
0.013  -2.0  0.2091
0.014  -2.0  0.20974
0.015  -2.0  0.21035
0.016  -2.0  0.21094
0.017  -2.0  0.2115
0.018  -2.0  0.21205
0.019  -2.0  0.21257
0.02  -2.0  0.21308
0.02025  -2.0  0.2132
0.0205  -2.0  0.21332
0.02075  -2.0  0.21344
0.021  -2.0  0.21356
0.02125  -2.0  0.21367
0.0215  -2.0  0.21379
0.02175  -2.0  0.2139
0.022  -2.0  0.21402
0.02225  -2.0  0.21413
0.0225  -2.0  0.21424
0.02275  -2.0  0.21435
0.023  -2.0  0.21446
0.02325  -2.0  0.21456
0.0235  -2.0  0.21467
0.02375  -2.0  0.21477
0.024  -2.0  0.21487
0.025  -2.0  0.21527
0.026  -2.0  0.21564
0.027  -2.0  0.21599
0.028  -2.0  0.21632
0.029  -2.0  0.21663
0.03  -2.0  0.21692
0.031  -2.0  0.21718
0.032  -2.0  0.21743
0.033  -2.0  0.21765
0.034  -2.0  0.21785
0.035  -2.0  0.21803
0.036  -2.0  0.21819
0.037  -2.0  0.21832
0.038  -2.0  0.21844
0.039  -2.0  0.21853
0.04  -2.0  0.2186
0.005  -1.0  0.21976
0.006  -1.0  0.22057
0.007  -1.0  0.22136
0.008  -1.0  0.22214
0.009  -1.0  0.22288
0.01  -1.0  0.22361
0.011  -1.0  0.22432
0.012  -1.0  0.225
0.013  -1.0  0.22566
0.014  -1.0  0.2263
0.015  -1.0  0.22692
0.016  -1.0  0.22751
0.017  -1.0  0.22808
0.018  -1.0  0.22863
0.019  -1.0  0.22916
0.02  -1.0  0.22967
0.02025  -1.0  0.22979
0.0205  -1.0  0.22991
0.02075  -1.0  0.23003
0.021  -1.0  0.23015
0.02125  -1.0  0.23027
0.0215  -1.0  0.23039
0.02175  -1.0  0.2305
0.022  -1.0  0.23062
0.02225  -1.0  0.23073
0.0225  -1.0  0.23084
0.02275  -1.0  0.23095
0.023  -1.0  0.23106
0.02325  -1.0  0.23116
0.0235  -1.0  0.23127
0.02375  -1.0  0.23137
0.024  -1.0  0.23147
0.025  -1.0  0.23187
0.026  -1.0  0.23225
0.027  -1.0  0.2326
0.028  -1.0  0.23293
0.029  -1.0  0.23324
0.03  -1.0  0.23352
0.031  -1.0  0.23379
0.032  -1.0  0.23403
0.033  -1.0  0.23425
0.034  -1.0  0.23444
0.035  -1.0  0.23462
0.036  -1.0  0.23477
0.037  -1.0  0.23491
0.038  -1.0  0.23501
0.039  -1.0  0.2351
0.04  -1.0  0.23517
0.005  -0.5  0.22727
0.006  -0.5  0.22808
0.007  -0.5  0.22888
0.008  -0.5  0.22966
0.009  -0.5  0.23041
0.01  -0.5  0.23114
0.011  -0.5  0.23185
0.012  -0.5  0.23253
0.013  -0.5  0.2332
0.014  -0.5  0.23384
0.015  -0.5  0.23446
0.016  -0.5  0.23506
0.017  -0.5  0.23563
0.018  -0.5  0.23618
0.019  -0.5  0.23671
0.02  -0.5  0.23722
0.02025  -0.5  0.23734
0.0205  -0.5  0.23747
0.02075  -0.5  0.23759
0.021  -0.5  0.23771
0.02125  -0.5  0.23782
0.0215  -0.5  0.23794
0.02175  -0.5  0.23806
0.022  -0.5  0.23817
0.02225  -0.5  0.23828
0.0225  -0.5  0.23839
0.02275  -0.5  0.2385
0.023  -0.5  0.23861
0.02325  -0.5  0.23872
0.0235  -0.5  0.23882
0.02375  -0.5  0.23893
0.024  -0.5  0.23903
0.025  -0.5  0.23943
0.026  -0.5  0.2398
0.027  -0.5  0.24015
0.028  -0.5  0.24048
0.029  -0.5  0.24079
0.03  -0.5  0.24107
0.031  -0.5  0.24134
0.032  -0.5  0.24158
0.033  -0.5  0.2418
0.034  -0.5  0.24199
0.035  -0.5  0.24217
0.036  -0.5  0.24232
0.037  -0.5  0.24245
0.038  -0.5  0.24255
0.039  -0.5  0.24264
0.04  -0.5  0.2427
0.005  0.0  0.23428
0.006  0.0  0.23511
0.007  0.0  0.23591
0.008  0.0  0.23669
0.009  0.0  0.23744
0.01  0.0  0.23818
0.011  0.0  0.23889
0.012  0.0  0.23957
0.013  0.0  0.24024
0.014  0.0  0.24088
0.015  0.0  0.2415
0.016  0.0  0.2421
0.017  0.0  0.24268
0.018  0.0  0.24323
0.019  0.0  0.24376
0.02  0.0  0.24427
0.02025  0.0  0.2444
0.0205  0.0  0.24452
0.02075  0.0  0.24464
0.021  0.0  0.24476
0.02125  0.0  0.24488
0.0215  0.0  0.24499
0.02175  0.0  0.24511
0.022  0.0  0.24522
0.02225  0.0  0.24534
0.0225  0.0  0.24545
0.02275  0.0  0.24556
0.023  0.0  0.24567
0.02325  0.0  0.24577
0.0235  0.0  0.24588
0.02375  0.0  0.24598
0.024  0.0  0.24608
0.025  0.0  0.24648
0.026  0.0  0.24685
0.027  0.0  0.24721
0.028  0.0  0.24754
0.029  0.0  0.24784
0.03  0.0  0.24813
0.031  0.0  0.24839
0.032  0.0  0.24863
0.033  0.0  0.24884
0.034  0.0  0.24904
0.035  0.0  0.24921
0.036  0.0  0.24936
0.037  0.0  0.24949
0.038  0.0  0.24959
0.039  0.0  0.24967
0.04  0.0  0.24973
0.005  0.5  0.24081
0.006  0.5  0.24164
0.007  0.5  0.24244
0.008  0.5  0.24322
0.009  0.5  0.24398
0.01  0.5  0.24472
0.011  0.5  0.24543
0.012  0.5  0.24612
0.013  0.5  0.24679
0.014  0.5  0.24743
0.015  0.5  0.24806
0.016  0.5  0.24866
0.017  0.5  0.24923
0.018  0.5  0.24979
0.019  0.5  0.25032
0.02  0.5  0.25083
0.02025  0.5  0.25095
0.0205  0.5  0.25108
0.02075  0.5  0.2512
0.021  0.5  0.25132
0.02125  0.5  0.25143
0.0215  0.5  0.25155
0.02175  0.5  0.25167
0.022  0.5  0.25178
0.02225  0.5  0.25189
0.0225  0.5  0.252
0.02275  0.5  0.25211
0.023  0.5  0.25222
0.02325  0.5  0.25233
0.0235  0.5  0.25243
0.02375  0.5  0.25254
0.024  0.5  0.25264
0.025  0.5  0.25304
0.026  0.5  0.25341
0.027  0.5  0.25376
0.028  0.5  0.25409
0.029  0.5  0.2544
0.03  0.5  0.25468
0.031  0.5  0.25494
0.032  0.5  0.25518
0.033  0.5  0.25539
0.034  0.5  0.25559
0.035  0.5  0.25576
0.036  0.5  0.2559
0.037  0.5  0.25603
0.038  0.5  0.25613
0.039  0.5  0.25621
0.04  0.5  0.25627
0.005  1.0  0.24685
0.006  1.0  0.24768
0.007  1.0  0.24848
0.008  1.0  0.24927
0.009  1.0  0.25003
0.01  1.0  0.25077
0.011  1.0  0.25148
0.012  1.0  0.25217
0.013  1.0  0.25284
0.014  1.0  0.25349
0.015  1.0  0.25411
0.016  1.0  0.25471
0.017  1.0  0.25529
0.018  1.0  0.25585
0.019  1.0  0.25638
0.02  1.0  0.25689
0.02025  1.0  0.25701
0.0205  1.0  0.25713
0.02075  1.0  0.25726
0.021  1.0  0.25737
0.02125  1.0  0.25749
0.0215  1.0  0.25761
0.02175  1.0  0.25773
0.022  1.0  0.25784
0.02225  1.0  0.25795
0.0225  1.0  0.25806
0.02275  1.0  0.25817
0.023  1.0  0.25828
0.02325  1.0  0.25839
0.0235  1.0  0.25849
0.02375  1.0  0.2586
0.024  1.0  0.2587
0.025  1.0  0.25909
0.026  1.0  0.25947
0.027  1.0  0.25982
0.028  1.0  0.26015
0.029  1.0  0.26045
0.03  1.0  0.26073
0.031  1.0  0.26099
0.032  1.0  0.26123
0.033  1.0  0.26144
0.034  1.0  0.26163
0.035  1.0  0.2618
0.036  1.0  0.26194
0.037  1.0  0.26207
0.038  1.0  0.26217
0.039  1.0  0.26224
0.04  1.0  0.2623
0.005  2.0  0.25745
0.006  2.0  0.25828
0.007  2.0  0.25909
0.008  2.0  0.25988
0.009  2.0  0.26064
0.01  2.0  0.26138
0.011  2.0  0.2621
0.012  2.0  0.26279
0.013  2.0  0.26346
0.014  2.0  0.26411
0.015  2.0  0.26473
0.016  2.0  0.26534
0.017  2.0  0.26591
0.018  2.0  0.26647
0.019  2.0  0.267
0.02  2.0  0.26751
0.02025  2.0  0.26764
0.0205  2.0  0.26776
0.02075  2.0  0.26788
0.021  2.0  0.268
0.02125  2.0  0.26812
0.0215  2.0  0.26823
0.02175  2.0  0.26835
0.022  2.0  0.26846
0.02225  2.0  0.26857
0.0225  2.0  0.26868
0.02275  2.0  0.26879
0.023  2.0  0.2689
0.02325  2.0  0.26901
0.0235  2.0  0.26911
0.02375  2.0  0.26922
0.024  2.0  0.26932
0.025  2.0  0.26971
0.026  2.0  0.27008
0.027  2.0  0.27043
0.028  2.0  0.27076
0.029  2.0  0.27106
0.03  2.0  0.27134
0.031  2.0  0.27159
0.032  2.0  0.27182
0.033  2.0  0.27203
0.034  2.0  0.27222
0.035  2.0  0.27238
0.036  2.0  0.27253
0.037  2.0  0.27264
0.038  2.0  0.27274
0.039  2.0  0.27281
0.04  2.0  0.27286
0.005  3.0  0.26609
0.006  3.0  0.26693
0.007  3.0  0.26773
0.008  3.0  0.26852
0.009  3.0  0.26928
0.01  3.0  0.27002
0.011  3.0  0.27074
0.012  3.0  0.27143
0.013  3.0  0.2721
0.014  3.0  0.27275
0.015  3.0  0.27337
0.016  3.0  0.27397
0.017  3.0  0.27455
0.018  3.0  0.2751
0.019  3.0  0.27564
0.02  3.0  0.27614
0.02025  3.0  0.27627
0.0205  3.0  0.27639
0.02075  3.0  0.27651
0.021  3.0  0.27663
0.02125  3.0  0.27674
0.0215  3.0  0.27686
0.02175  3.0  0.27697
0.022  3.0  0.27709
0.02225  3.0  0.2772
0.0225  3.0  0.27731
0.02275  3.0  0.27742
0.023  3.0  0.27753
0.02325  3.0  0.27763
0.0235  3.0  0.27774
0.02375  3.0  0.27784
0.024  3.0  0.27794
0.025  3.0  0.27833
0.026  3.0  0.2787
0.027  3.0  0.27904
0.028  3.0  0.27937
0.029  3.0  0.27966
0.03  3.0  0.27994
0.031  3.0  0.28019
0.032  3.0  0.28042
0.033  3.0  0.28062
0.034  3.0  0.28081
0.035  3.0  0.28097
0.036  3.0  0.2811
0.037  3.0  0.28121
0.038  3.0  0.2813
0.039  3.0  0.28137
0.04  3.0  0.28141
0.005  4.0  0.27277
0.006  4.0  0.2736
0.007  4.0  0.27441
0.008  4.0  0.27519
0.009  4.0  0.27595
0.01  4.0  0.27669
0.011  4.0  0.2774
0.012  4.0  0.27809
0.013  4.0  0.27876
0.014  4.0  0.27941
0.015  4.0  0.28003
0.016  4.0  0.28062
0.017  4.0  0.2812
0.018  4.0  0.28175
0.019  4.0  0.28228
0.02  4.0  0.28278
0.02025  4.0  0.2829
0.0205  4.0  0.28303
0.02075  4.0  0.28314
0.021  4.0  0.28326
0.02125  4.0  0.28338
0.0215  4.0  0.28349
0.02175  4.0  0.28361
0.022  4.0  0.28372
0.02225  4.0  0.28383
0.0225  4.0  0.28394
0.02275  4.0  0.28405
0.023  4.0  0.28415
0.02325  4.0  0.28426
0.0235  4.0  0.28436
0.02375  4.0  0.28446
0.024  4.0  0.28456
0.025  4.0  0.28495
0.026  4.0  0.28532
0.027  4.0  0.28566
0.028  4.0  0.28597
0.029  4.0  0.28627
0.03  4.0  0.28654
0.031  4.0  0.28679
0.032  4.0  0.28701
0.033  4.0  0.28721
0.034  4.0  0.28739
0.035  4.0  0.28754
0.036  4.0  0.28767
0.037  4.0  0.28778
0.038  4.0  0.28786
0.039  4.0  0.28792
0.04  4.0  0.28796
0.005  5.0  0.27748
0.006  5.0  0.2783
0.007  5.0  0.27911
0.008  5.0  0.27989
0.009  5.0  0.28065
0.01  5.0  0.28138
0.011  5.0  0.28209
0.012  5.0  0.28278
0.013  5.0  0.28344
0.014  5.0  0.28408
0.015  5.0  0.2847
0.016  5.0  0.28529
0.017  5.0  0.28586
0.018  5.0  0.2864
0.019  5.0  0.28693
0.02  5.0  0.28743
0.02025  5.0  0.28755
0.0205  5.0  0.28767
0.02075  5.0  0.28779
0.021  5.0  0.2879
0.02125  5.0  0.28802
0.0215  5.0  0.28813
0.02175  5.0  0.28825
0.022  5.0  0.28836
0.02225  5.0  0.28847
0.0225  5.0  0.28857
0.02275  5.0  0.28868
0.023  5.0  0.28879
0.02325  5.0  0.28889
0.0235  5.0  0.28899
0.02375  5.0  0.28909
0.024  5.0  0.28919
0.025  5.0  0.28957
0.026  5.0  0.28993
0.027  5.0  0.29027
0.028  5.0  0.29058
0.029  5.0  0.29087
0.03  5.0  0.29114
0.031  5.0  0.29138
0.032  5.0  0.2916
0.033  5.0  0.29179
0.034  5.0  0.29196
0.035  5.0  0.29211
0.036  5.0  0.29224
0.037  5.0  0.29234
0.038  5.0  0.29242
0.039  5.0  0.29247
0.04  5.0  0.2925
0.005  6.0  0.28022
0.006  6.0  0.28104
0.007  6.0  0.28184
0.008  6.0  0.28261
0.009  6.0  0.28337
0.01  6.0  0.28409
0.011  6.0  0.2848
0.012  6.0  0.28548
0.013  6.0  0.28613
0.014  6.0  0.28677
0.015  6.0  0.28738
0.016  6.0  0.28797
0.017  6.0  0.28853
0.018  6.0  0.28907
0.019  6.0  0.28959
0.02  6.0  0.29008
0.02025  6.0  0.2902
0.0205  6.0  0.29032
0.02075  6.0  0.29043
0.021  6.0  0.29055
0.02125  6.0  0.29066
0.0215  6.0  0.29078
0.02175  6.0  0.29089
0.022  6.0  0.291
0.02225  6.0  0.2911
0.0225  6.0  0.29121
0.02275  6.0  0.29132
0.023  6.0  0.29142
0.02325  6.0  0.29152
0.0235  6.0  0.29162
0.02375  6.0  0.29172
0.024  6.0  0.29182
0.025  6.0  0.2922
0.026  6.0  0.29255
0.027  6.0  0.29288
0.028  6.0  0.29319
0.029  6.0  0.29347
0.03  6.0  0.29373
0.031  6.0  0.29397
0.032  6.0  0.29418
0.033  6.0  0.29437
0.034  6.0  0.29453
0.035  6.0  0.29468
0.036  6.0  0.2948
0.037  6.0  0.29489
0.038  6.0  0.29496
0.039  6.0  0.29501
0.04  6.0  0.29504
0.005  7.0  0.281
0.006  7.0  0.28181
0.007  7.0  0.2826
0.008  7.0  0.28337
0.009  7.0  0.28411
0.01  7.0  0.28483
0.011  7.0  0.28552
0.012  7.0  0.2862
0.013  7.0  0.28685
0.014  7.0  0.28747
0.015  7.0  0.28807
0.016  7.0  0.28865
0.017  7.0  0.28921
0.018  7.0  0.28974
0.019  7.0  0.29025
0.02  7.0  0.29074
0.02025  7.0  0.29086
0.0205  7.0  0.29097
0.02075  7.0  0.29109
0.021  7.0  0.2912
0.02125  7.0  0.29131
0.0215  7.0  0.29142
0.02175  7.0  0.29153
0.022  7.0  0.29164
0.02225  7.0  0.29175
0.0225  7.0  0.29185
0.02275  7.0  0.29195
0.023  7.0  0.29206
0.02325  7.0  0.29216
0.0235  7.0  0.29226
0.02375  7.0  0.29235
0.024  7.0  0.29245
0.025  7.0  0.29282
0.026  7.0  0.29317
0.027  7.0  0.29349
0.028  7.0  0.29379
0.029  7.0  0.29406
0.03  7.0  0.29432
0.031  7.0  0.29455
0.032  7.0  0.29475
0.033  7.0  0.29494
0.034  7.0  0.2951
0.035  7.0  0.29523
0.036  7.0  0.29535
0.037  7.0  0.29544
0.038  7.0  0.2955
0.039  7.0  0.29555
0.04  7.0  0.29557
